First, basic one (barracks wherever, random units):
Wins:
0	10	6	3	4	2	4	
3	0	0	0	0	1	0	
8	16	0	11	4	3	8	
13	15	5	0	4	2	6	
12	15	12	12	0	10	6	
13	14	13	14	6	0	6	
10	12	7	10	8	8	0	

Ties:
0	3	2	0	0	1	2	
3	0	0	1	1	1	4	
2	0	0	0	0	0	1	
0	1	0	0	0	0	0	
0	1	0	0	0	0	2	
1	1	0	0	0	0	2	
2	4	1	0	2	2	0	

Average Game Length:
0.0	1036.375	1296.875	906.875	987.0	1215.0	625.0	
2737.375	0.0	1698.125	1605.375	1162.375	1226.0	1733.125	
1315.75	1766.875	0.0	1519.125	1216.5	1836.125	2099.0	
915.625	1213.0	1791.375	0.0	854.625	1034.5	625.25	
735.5	1030.75	1477.75	842.25	0.0	1492.25	753.5	
1611.125	1101.625	1869.75	857.75	1965.25	0.0	756.25	
942.5	1372.5	2148.75	759.5	854.5	853.25	0.0	

AI crashes:
0	0	0	0	0	0	0	
0	0	0	0	0	0	0	
0	0	0	0	0	0	0	
0	0	0	0	0	0	0	
0	0	0	0	0	0	0	
0	0	0	0	0	0	0	
0	0	0	0	0	0	0	

AI timeout:
0	1	0	0	0	0	0	
0	0	0	0	0	0	0	
1	0	0	0	1	0	0	
0	0	0	0	0	0	0	
0	0	0	0	0	0	0	
0	0	0	0	0	0	0	
0	0	0	0	0	0	0	

RoundRobinTournament: tournament ended


AIs.add(new QMHassanPachecoAhmedWright(timeBudget, -1,
                utt, new AStarPathFinding()));
        AIs.add(new UCT(timeBudget, -1, 100, 20, new RandomBiasedAI(),
                new SimpleEvaluationFunction()));
        AIs.add(new NaiveMCTS(timeBudget, -1, 100, 20, 0.33f, 0.0f, 0.75f,
                new RandomBiasedAI(), new SimpleEvaluationFunction(), true));
        AIs.add(new WorkerRush(utt));
        AIs.add(new LightRush(utt));
        AIs.add(new EconomyRush(utt));
        AIs.add(new LightDefense(utt));



_____________________________________

Wins:
0	15	11	8	7	4	5	
1	0	0	2	0	0	0	
4	16	0	6	3	4	13	
6	14	10	0	4	3	6	
7	15	13	12	0	10	6	
9	16	12	12	6	0	6	
10	12	3	10	8	8	0	

Ties:
0	0	1	2	2	3	1	
0	0	0	0	1	0	4	
1	0	0	0	0	0	0	
2	0	0	0	0	1	0	
2	1	0	0	0	0	2	
3	0	0	1	0	0	2	
1	4	0	0	2	2	0	

Average Game Length:
0.0	1107.375	2522.25	1329.625	1230.25	1141.375	814.875	
1188.125	0.0	1749.25	1395.0	1018.75	1117.875	1356.25	
1615.875	1763.5	0.0	1576.75	1192.5	1585.25	1962.5	
1134.375	1332.0	2099.875	0.0	869.75	1122.25	625.25	
998.75	1088.5	1181.375	837.75	0.0	1492.25	753.5	
1737.375	1203.75	1797.375	854.0	1965.25	0.0	756.25	
737.5	1322.5	2316.875	759.5	854.5	853.25	0.0	

AI crashes:
0	0	0	0	0	0	0	
0	0	0	0	0	0	0	
0	0	0	0	0	0	0	
0	0	0	0	0	0	0	
0	0	0	0	0	0	0	
0	0	0	0	0	0	0	
0	0	0	0	0	0	0	

AI timeout:
0	0	0	0	0	0	0	
1	0	0	0	1	0	0	
1	0	0	0	0	0	0	
0	0	0	0	0	0	0	
0	0	0	0	0	0	0	
0	0	0	0	0	0	0	
0	0	0	0	0	0	0	

RoundRobinTournament: tournament ended

Next Test: Make it always create 3 light then 1 ranged then 1 heavy

Wins:
0	13	13	8	10	8	8	
1	0	0	1	0	0	1	
3	16	0	6	3	4	10	
8	15	9	0	4	4	6	
6	16	13	12	0	10	6	
6	15	12	12	6	0	6	
8	11	4	10	8	8	0	

Ties:
0	2	0	0	0	2	0	
2	0	0	0	0	1	4	
0	0	0	1	0	0	2	
0	0	1	0	0	0	0	
0	0	0	0	0	0	2	
2	1	0	0	0	0	2	
0	4	2	0	2	2	0	

Average Game Length:
0.0	1088.5	962.625	893.125	1228.0	1355.0	755.625	
1292.375	0.0	2131.375	1123.625	1155.875	1152.75	1696.875	
1268.875	2601.625	0.0	1328.25	1162.25	1372.875	2426.25	
1139.5	1084.625	2354.75	0.0	866.375	1024.875	625.25	
1079.625	1011.625	1307.5	831.625	0.0	1492.25	753.5	
2223.75	1218.25	1563.5	854.0	1965.25	0.0	756.25	
683.5	1178.5	2453.125	759.5	854.5	853.25	0.0	

AI crashes:
0	0	0	0	0	0	0	
0	0	0	0	0	0	0	
0	0	0	0	0	0	0	
0	0	0	0	0	0	0	
0	0	0	0	0	0	0	
0	0	0	0	0	0	0	
0	0	0	0	0	0	0	

AI timeout:
0	0	0	0	0	0	0	
1	0	0	0	0	0	0	
2	0	0	0	0	0	0	
0	0	0	0	0	0	0	
0	0	0	0	0	0	0	
0	0	0	0	0	0	0	
0	0	0	0	0	0	0	

RoundRobinTournament: tournament ended

________________Last one

Wins:
0	14	11	9	9	8	8	
2	0	0	1	0	0	2	
4	15	0	7	3	2	13	
7	15	8	0	4	4	6	
7	16	12	12	0	10	6	
5	13	12	12	6	0	6	
8	10	3	10	8	8	0	

Ties:
0	0	1	0	0	3	0	
0	0	1	0	0	3	4	
1	1	0	1	1	2	0	
0	0	1	0	0	0	0	
0	0	1	0	0	0	2	
3	3	2	0	0	0	2	
0	4	0	0	2	2	0	

Average Game Length:
0.0	915.125	1443.75	889.125	1193.875	1387.0	743.625	
1346.875	0.0	2010.75	1267.75	1127.625	1434.375	1356.875	
1325.125	2036.25	0.0	1368.375	1253.875	1400.0	1590.5	
1177.75	1320.625	2579.25	0.0	859.625	1056.0	625.25	
1059.0	1148.25	1562.625	845.625	0.0	1492.25	753.5	
2237.25	1259.875	1560.0	854.0	1965.25	0.0	756.25	
683.5	1350.625	1380.625	759.5	854.5	853.25	0.0	

AI crashes:
0	0	0	0	0	0	0	
0	0	0	0	0	0	0	
0	0	0	0	0	0	0	
0	0	0	0	0	0	0	
0	0	0	0	0	0	0	
0	0	0	0	0	0	0	
0	0	0	0	0	0	0	

AI timeout:
0	0	0	0	0	0	0	
1	0	0	0	0	0	0	
1	0	0	1	0	1	0	
0	0	0	0	0	0	0	
0	0	0	0	0	0	0	
0	0	0	0	0	0	0	
0	0	0	0	0	0	0